{
  "nbformat": 4,
  "nbformat_minor": 0,
  "metadata": {
    "colab": {
      "provenance": []
    },
    "kernelspec": {
      "name": "python3",
      "display_name": "Python 3"
    },
    "language_info": {
      "name": "python"
    }
  },
  "cells": [
    {
      "cell_type": "code",
      "execution_count": 89,
      "metadata": {
        "colab": {
          "base_uri": "https://localhost:8080/"
        },
        "id": "Q0bIabvxsp5C",
        "outputId": "2d85afb0-07fa-4646-8984-a39d2a7afd6b"
      },
      "outputs": [
        {
          "output_type": "stream",
          "name": "stdout",
          "text": [
            "Requirement already satisfied: vecstack in /usr/local/lib/python3.10/dist-packages (0.4.0)\n",
            "Requirement already satisfied: numpy in /usr/local/lib/python3.10/dist-packages (from vecstack) (1.23.5)\n",
            "Requirement already satisfied: scipy in /usr/local/lib/python3.10/dist-packages (from vecstack) (1.11.3)\n",
            "Requirement already satisfied: scikit-learn>=0.18 in /usr/local/lib/python3.10/dist-packages (from vecstack) (1.2.2)\n",
            "Requirement already satisfied: joblib>=1.1.1 in /usr/local/lib/python3.10/dist-packages (from scikit-learn>=0.18->vecstack) (1.3.2)\n",
            "Requirement already satisfied: threadpoolctl>=2.0.0 in /usr/local/lib/python3.10/dist-packages (from scikit-learn>=0.18->vecstack) (3.2.0)\n"
          ]
        }
      ],
      "source": [
        "!pip install vecstack"
      ]
    },
    {
      "cell_type": "code",
      "source": [
        "from vecstack import stacking\n",
        "import pandas as pd\n",
        "import numpy as np\n",
        "from sklearn.metrics import accuracy_score #works\n",
        "from sklearn.model_selection import train_test_split\n",
        "from sklearn.model_selection import GridSearchCV\n",
        "from sklearn.model_selection import RandomizedSearchCV\n",
        "from sklearn.model_selection import cross_val_score\n",
        "from sklearn.metrics import classification_report, confusion_matrix\n",
        "from sklearn.neural_network import MLPClassifier\n",
        "from sklearn.svm import SVC\n",
        "from sklearn.neural_network import MLPRegressor\n",
        "from sklearn.metrics import mean_squared_error\n",
        "from sklearn.preprocessing import OneHotEncoder\n",
        "from sklearn.ensemble import GradientBoostingRegressor\n",
        "\n",
        "from sklearn.ensemble import RandomForestRegressor\n",
        "from sklearn.tree import DecisionTreeRegressor\n",
        "\n",
        "pd.set_option('display.max_columns',None)\n",
        "pd.set_option('display.max_rows', None)\n",
        "pd.set_option('display.width', 1000)\n",
        "\n",
        "\n",
        "\n",
        "\n",
        "import warnings\n",
        "\n",
        "warnings.filterwarnings(\"ignore\")"
      ],
      "metadata": {
        "id": "7cUK7WbstA_x"
      },
      "execution_count": 129,
      "outputs": []
    },
    {
      "cell_type": "code",
      "source": [
        "from google.colab import drive\n",
        "drive.mount('/content/drive')\n",
        "!pip install gdown"
      ],
      "metadata": {
        "colab": {
          "base_uri": "https://localhost:8080/"
        },
        "id": "f-24qOjWtBCk",
        "outputId": "e8069be9-1aea-42af-9f29-52d8693458ce"
      },
      "execution_count": 91,
      "outputs": [
        {
          "output_type": "stream",
          "name": "stdout",
          "text": [
            "Drive already mounted at /content/drive; to attempt to forcibly remount, call drive.mount(\"/content/drive\", force_remount=True).\n",
            "Requirement already satisfied: gdown in /usr/local/lib/python3.10/dist-packages (4.6.6)\n",
            "Requirement already satisfied: filelock in /usr/local/lib/python3.10/dist-packages (from gdown) (3.13.1)\n",
            "Requirement already satisfied: requests[socks] in /usr/local/lib/python3.10/dist-packages (from gdown) (2.31.0)\n",
            "Requirement already satisfied: six in /usr/local/lib/python3.10/dist-packages (from gdown) (1.16.0)\n",
            "Requirement already satisfied: tqdm in /usr/local/lib/python3.10/dist-packages (from gdown) (4.66.1)\n",
            "Requirement already satisfied: beautifulsoup4 in /usr/local/lib/python3.10/dist-packages (from gdown) (4.11.2)\n",
            "Requirement already satisfied: soupsieve>1.2 in /usr/local/lib/python3.10/dist-packages (from beautifulsoup4->gdown) (2.5)\n",
            "Requirement already satisfied: charset-normalizer<4,>=2 in /usr/local/lib/python3.10/dist-packages (from requests[socks]->gdown) (3.3.2)\n",
            "Requirement already satisfied: idna<4,>=2.5 in /usr/local/lib/python3.10/dist-packages (from requests[socks]->gdown) (3.4)\n",
            "Requirement already satisfied: urllib3<3,>=1.21.1 in /usr/local/lib/python3.10/dist-packages (from requests[socks]->gdown) (2.0.7)\n",
            "Requirement already satisfied: certifi>=2017.4.17 in /usr/local/lib/python3.10/dist-packages (from requests[socks]->gdown) (2023.7.22)\n",
            "Requirement already satisfied: PySocks!=1.5.7,>=1.5.6 in /usr/local/lib/python3.10/dist-packages (from requests[socks]->gdown) (1.7.1)\n"
          ]
        }
      ]
    },
    {
      "cell_type": "code",
      "source": [
        "!gdown --id 1EYCkERiK_Imda2asKEVfZJ24plLcWGT6\n",
        "!gdown --id 1HQob9bazGtNEtlYD5I497UesqLH4X2Oe"
      ],
      "metadata": {
        "colab": {
          "base_uri": "https://localhost:8080/"
        },
        "id": "ikCN4JTKtBFL",
        "outputId": "0fa67b58-ac68-4cb5-a127-89bc262f1d76"
      },
      "execution_count": 92,
      "outputs": [
        {
          "output_type": "stream",
          "name": "stdout",
          "text": [
            "/usr/local/lib/python3.10/dist-packages/gdown/cli.py:121: FutureWarning: Option `--id` was deprecated in version 4.3.1 and will be removed in 5.0. You don't need to pass it anymore to use a file ID.\n",
            "  warnings.warn(\n",
            "Downloading...\n",
            "From: https://drive.google.com/uc?id=1EYCkERiK_Imda2asKEVfZJ24plLcWGT6\n",
            "To: /content/train.csv\n",
            "100% 18.9k/18.9k [00:00<00:00, 36.9MB/s]\n",
            "/usr/local/lib/python3.10/dist-packages/gdown/cli.py:121: FutureWarning: Option `--id` was deprecated in version 4.3.1 and will be removed in 5.0. You don't need to pass it anymore to use a file ID.\n",
            "  warnings.warn(\n",
            "Downloading...\n",
            "From: https://drive.google.com/uc?id=1HQob9bazGtNEtlYD5I497UesqLH4X2Oe\n",
            "To: /content/test.csv\n",
            "100% 12.8M/12.8M [00:00<00:00, 69.8MB/s]\n"
          ]
        }
      ]
    },
    {
      "cell_type": "code",
      "source": [
        "train_data = pd.read_csv('/content/drive/My Drive/train.csv')\n",
        "test_data = pd.read_csv('/content/drive/My Drive/test.csv')\n",
        "\n",
        "print(train_data.shape)\n",
        "print(test_data.shape)\n",
        "print(train_data.tail())"
      ],
      "metadata": {
        "colab": {
          "base_uri": "https://localhost:8080/"
        },
        "id": "M-u0ahkVtBK5",
        "outputId": "9b04277b-5d97-4c6b-e8a3-f646c5268ca0"
      },
      "execution_count": 93,
      "outputs": [
        {
          "output_type": "stream",
          "name": "stdout",
          "text": [
            "(137, 43)\n",
            "(100000, 42)\n",
            "      Id   Open Date      City  City Group Type  P1   P2   P3   P4  P5  P6  P7  P8  P9  P10  P11  P12  P13  P14  P15  P16  P17  P18  P19  P20  P21  P22  P23  P24  P25  P26  P27  P28  P29  P30  P31  P32  P33  P34  P35  P36  P37    revenue\n",
            "132  132  06/25/2008   Trabzon       Other   FC   2  3.0  3.0  5.0   4   2   4   4   4    4    4    4  4.0    0    0    0    0    0    4    3    2    1    1    0    0  0.0  0.0  2.0  3.0    0    0    0    0    0    0    0    0  5787594.0\n",
            "133  133  10/12/2006     İzmir  Big Cities   FC   4  5.0  4.0  4.0   2   3   5   4   4    5    5    4  5.0    0    0    0    0    0    3    2    2    1    1    0    0  0.0  0.0  3.0  3.0    0    0    0    0    0    0    0    0  9262754.0\n",
            "134  134  07/08/2006   Kayseri       Other   FC   3  4.0  4.0  4.0   2   3   5   5   5    5    1    5  5.0    0    0    0    0    0    2    3    1    2    2    0    0  0.0  0.0  2.0  3.0    0    0    0    0    0    0    0    0  2544857.0\n",
            "135  135  10/29/2010  İstanbul  Big Cities   FC   4  5.0  4.0  5.0   2   2   5   5   5    5    2    5  5.0    0    0    0    0    0    1    1    1    1    1    0    0  0.0  0.0  3.0  3.0    0    0    0    0    0    0    0    0  7217634.0\n",
            "136  136  09/01/2009  İstanbul  Big Cities   FC   4  5.0  3.0  5.0   2   2   5   4   4    5    4    4  5.0    0    0    0    0    0    2    1    1    1    1    0    0  0.0  0.0  3.0  3.0    0    0    0    0    0    0    0    0  6363241.0\n"
          ]
        }
      ]
    },
    {
      "cell_type": "code",
      "source": [
        "test_data.columns"
      ],
      "metadata": {
        "colab": {
          "base_uri": "https://localhost:8080/"
        },
        "id": "kOGn0RMcmo-l",
        "outputId": "8f5c8ada-f8ee-4eb5-af6d-203444da27e6"
      },
      "execution_count": 94,
      "outputs": [
        {
          "output_type": "execute_result",
          "data": {
            "text/plain": [
              "Index(['Id', 'Open Date', 'City', 'City Group', 'Type', 'P1', 'P2', 'P3', 'P4', 'P5', 'P6', 'P7', 'P8', 'P9', 'P10', 'P11', 'P12', 'P13', 'P14', 'P15', 'P16', 'P17', 'P18', 'P19', 'P20', 'P21', 'P22', 'P23', 'P24', 'P25', 'P26', 'P27', 'P28', 'P29', 'P30', 'P31', 'P32', 'P33', 'P34', 'P35', 'P36', 'P37'], dtype='object')"
            ]
          },
          "metadata": {},
          "execution_count": 94
        }
      ]
    },
    {
      "cell_type": "code",
      "source": [
        "#Finding unique values for each column\n",
        "\n",
        "column_names = train_data.columns\n",
        "\n",
        "for column_name in column_names:\n",
        "    unique_values = train_data[column_name].unique()\n",
        "    print(f'{column_name}: {unique_values}')"
      ],
      "metadata": {
        "colab": {
          "base_uri": "https://localhost:8080/"
        },
        "id": "W_uYjmNGtBNb",
        "outputId": "5ea2252e-1df7-41f5-8a1c-88de29879888"
      },
      "execution_count": 95,
      "outputs": [
        {
          "output_type": "stream",
          "name": "stdout",
          "text": [
            "Id: [  0   1   2   3   4   5   6   7   8   9  10  11  12  13  14  15  16  17\n",
            "  18  19  20  21  22  23  24  25  26  27  28  29  30  31  32  33  34  35\n",
            "  36  37  38  39  40  41  42  43  44  45  46  47  48  49  50  51  52  53\n",
            "  54  55  56  57  58  59  60  61  62  63  64  65  66  67  68  69  70  71\n",
            "  72  73  74  75  76  77  78  79  80  81  82  83  84  85  86  87  88  89\n",
            "  90  91  92  93  94  95  96  97  98  99 100 101 102 103 104 105 106 107\n",
            " 108 109 110 111 112 113 114 115 116 117 118 119 120 121 122 123 124 125\n",
            " 126 127 128 129 130 131 132 133 134 135 136]\n",
            "Open Date: ['07/17/1999' '02/14/2008' '03/09/2013' '02/02/2012' '05/09/2009'\n",
            " '02/12/2010' '10/11/2010' '06/21/2011' '08/28/2010' '11/16/2011'\n",
            " '08/09/2013' '05/22/2012' '02/28/2013' '10/16/2010' '12/29/2011'\n",
            " '02/07/2012' '01/07/2000' '11/08/2009' '04/21/2012' '08/16/2011'\n",
            " '08/25/2010' '01/25/2014' '07/01/2006' '06/03/2009' '09/20/2009'\n",
            " '12/23/2011' '02/23/2010' '10/09/1999' '01/28/1998' '10/13/2006'\n",
            " '12/01/2008' '12/31/2012' '01/17/2009' '04/23/2013' '03/21/2012'\n",
            " '05/08/1996' '05/09/2008' '08/23/2010' '01/18/2011' '03/28/2009'\n",
            " '02/09/2011' '06/01/2009' '09/27/2011' '09/24/2009' '10/13/2004'\n",
            " '08/25/2011' '12/23/2009' '12/21/2011' '04/01/2008' '05/01/2010'\n",
            " '11/08/2011' '11/12/2013' '03/29/2013' '06/05/1999' '08/12/2008'\n",
            " '03/16/2013' '06/21/2008' '04/11/2012' '12/01/2007' '05/01/2012'\n",
            " '05/30/2008' '11/15/2010' '08/05/2013' '07/13/1998' '12/21/2013'\n",
            " '01/09/2010' '03/01/2011' '03/16/2010' '08/30/2011' '11/27/2006'\n",
            " '12/06/2006' '08/05/2009' '10/04/2011' '12/01/2011' '10/15/2005'\n",
            " '11/25/2008' '10/25/2013' '09/29/2012' '01/25/2010' '10/16/2009'\n",
            " '12/16/2005' '08/12/1998' '10/09/2009' '07/26/2011' '02/11/2008'\n",
            " '07/10/2013' '05/11/2009' '08/08/2013' '06/20/2007' '11/01/2002'\n",
            " '10/14/2012' '08/08/2011' '06/08/2012' '11/27/2011' '01/26/2009'\n",
            " '03/11/2011' '12/18/1999' '09/21/2007' '09/09/2012' '09/11/2004'\n",
            " '12/06/2011' '01/22/2007' '03/15/2008' '06/15/2008' '05/01/2011'\n",
            " '07/09/2012' '08/25/2007' '09/26/2012' '08/10/2012' '03/14/1998'\n",
            " '12/09/2006' '12/06/2008' '05/04/2012' '03/30/2012' '12/27/2005'\n",
            " '12/25/2009' '01/03/2014' '08/18/2011' '11/13/2004' '04/10/1997'\n",
            " '11/05/2011' '08/18/2005' '09/01/2010' '07/20/2008' '09/07/2007'\n",
            " '10/14/2011' '02/08/2007' '10/29/2011' '11/06/2002' '06/25/2008'\n",
            " '10/12/2006' '07/08/2006' '10/29/2010' '09/01/2009']\n",
            "City: ['İstanbul' 'Ankara' 'Diyarbakır' 'Tokat' 'Gaziantep' 'Afyonkarahisar'\n",
            " 'Edirne' 'Kocaeli' 'Bursa' 'İzmir' 'Sakarya' 'Elazığ' 'Kayseri'\n",
            " 'Eskişehir' 'Şanlıurfa' 'Samsun' 'Adana' 'Antalya' 'Kastamonu' 'Uşak'\n",
            " 'Muğla' 'Kırklareli' 'Konya' 'Karabük' 'Tekirdağ' 'Denizli' 'Balıkesir'\n",
            " 'Aydın' 'Amasya' 'Kütahya' 'Bolu' 'Trabzon' 'Isparta' 'Osmaniye']\n",
            "City Group: ['Big Cities' 'Other']\n",
            "Type: ['IL' 'FC' 'DT']\n",
            "P1: [ 4  2  6  3  1  9 12  5]\n",
            "P2: [5.  4.  4.5 6.  3.  1.  2.  7.5]\n",
            "P3: [4.  2.  6.  3.  4.5 5.  7.5 0. ]\n",
            "P4: [4.  5.  6.  7.5 3.  4.5]\n",
            "P5: [2 1 4 8 6 3 5]\n",
            "P6: [ 2  3  4 10  5  1  6  8]\n",
            "P7: [ 5 10  1  4  3  2]\n",
            "P8: [ 4  5  8 10  3  1  2  6]\n",
            "P9: [ 5 10  8  4]\n",
            "P10: [ 5 10  8  4]\n",
            "P11: [ 3  1  2  8 10  4  5  6]\n",
            "P12: [ 5 10  8  3  4  2  6]\n",
            "P13: [5.  7.5 6.  4.  3. ]\n",
            "P14: [ 1  0  6  2  3  4 15  9 12  5]\n",
            "P15: [ 2  0  4  1 10  5  3  8]\n",
            "P16: [ 2  0  9  4  5 15  3 12  1]\n",
            "P17: [ 2  0  3  1  4  5 15  9  6]\n",
            "P18: [ 4  0 12  3  1  9  5]\n",
            "P19: [ 5  3  1 20  2 25 10  4 15]\n",
            "P20: [ 4  2  1 12  6  5  3 15  9]\n",
            "P21: [ 1  6  3  2 15  5  4  9]\n",
            "P22: [3 1 2 4 5]\n",
            "P23: [ 3  2  1 10  5 20 25  4 15]\n",
            "P24: [ 1  0  2  5  4  8  3 10  6]\n",
            "P25: [ 1  0  2  3  4  8  5 10]\n",
            "P26: [ 1.   0.   2.5  3.   4.  10.   2.   5.  12.5  7.5]\n",
            "P27: [ 4.   0.   2.5  5.   2.   3.   1.  10.  12.5]\n",
            "P28: [ 2.   3.   1.   2.5  7.5  5.  10.   4.  12.5]\n",
            "P29: [3.  7.5 5.  2.  2.5 1.  0. ]\n",
            "P30: [ 5  0 25  4  3 10  1 20 15]\n",
            "P31: [ 3  0 12  1  5 15  2  6  9  4]\n",
            "P32: [ 4  0 10  3  2  5 20 25 15  1]\n",
            "P33: [5 0 6 2 3 4]\n",
            "P34: [ 5  0 18  3  4 12  2 24]\n",
            "P35: [ 4  0 12  5  3  2  1 15]\n",
            "P36: [ 3  0 12  4 16  5 20  2]\n",
            "P37: [4 0 6 3 5 2 1 8]\n",
            "revenue: [ 5653753.  6923131.  2055379.  2675511.  4316715.  5017319.  5166635.\n",
            "  4491607.  4952497.  5444227.  3745135.  5161370.  1734634.  4807746.\n",
            "  1999097.  3218918. 19696939.  8213524.  5337526.  2021934.  5525735.\n",
            "  1149870.  3956086.  2999068.  8904084.  3778621.  2267425.  5435276.\n",
            "  4705945.  3447890.  3008199.  2058644.  3261924.  2371202.  4100886.\n",
            "  3903884.  3028267.  2740687.  5461700.  3818055.  6836483.  4554237.\n",
            "  4952255.  2732645.  4264176.  3752885.  4250758.  7865428.  7201784.\n",
            "  8630682.  2156098.  3273041.  1763231.  5595267.  4651866.  6941173.\n",
            "  2390534.  3258837.  3004429.  3600467.  3164972.  4350573.  5286212.\n",
            "  1619683.  2551252.  1756069.  1882131.  4052733.  3836721.  3452382.\n",
            "  3982767.  4136425.  2525375.  3347767.  5500818. 16549064.  4590423.\n",
            "  1904842.  3871344.  6313221.  3727364.  4066618.  3807496.  5966193.\n",
            "  4250553.  7495092.  3351383.  5906596.  2025297.  2364478.  3426169.\n",
            "  2083447.  6782425.  3410878.  3753720.  1270499.  6412623.  6694797.\n",
            "  2344689. 13575224.  9652350.  4758476.  2738052.  4429512.  4467728.\n",
            "  2792031.  4888774.  3248660.  3570392.  4219263.  2954086.  2993069.\n",
            "  3784230.  2097022.  4155435.  4882985.  8894598.  2018785.  1847826.\n",
            "  3780019.  4067566.  3445076.  4286645.  4263629.  3810007.  4780607.\n",
            "  4015749.  7592272.  2383840.  3939804.  3376145.  3199619.  5787594.\n",
            "  9262754.  2544857.  7217634.  6363241.]\n"
          ]
        }
      ]
    },
    {
      "cell_type": "code",
      "source": [
        "train_data.info()"
      ],
      "metadata": {
        "colab": {
          "base_uri": "https://localhost:8080/"
        },
        "id": "5TE0yHjttBQO",
        "outputId": "5c45c5ea-dcdc-4e38-8dbc-69654a88edfb"
      },
      "execution_count": 96,
      "outputs": [
        {
          "output_type": "stream",
          "name": "stdout",
          "text": [
            "<class 'pandas.core.frame.DataFrame'>\n",
            "RangeIndex: 137 entries, 0 to 136\n",
            "Data columns (total 43 columns):\n",
            " #   Column      Non-Null Count  Dtype  \n",
            "---  ------      --------------  -----  \n",
            " 0   Id          137 non-null    int64  \n",
            " 1   Open Date   137 non-null    object \n",
            " 2   City        137 non-null    object \n",
            " 3   City Group  137 non-null    object \n",
            " 4   Type        137 non-null    object \n",
            " 5   P1          137 non-null    int64  \n",
            " 6   P2          137 non-null    float64\n",
            " 7   P3          137 non-null    float64\n",
            " 8   P4          137 non-null    float64\n",
            " 9   P5          137 non-null    int64  \n",
            " 10  P6          137 non-null    int64  \n",
            " 11  P7          137 non-null    int64  \n",
            " 12  P8          137 non-null    int64  \n",
            " 13  P9          137 non-null    int64  \n",
            " 14  P10         137 non-null    int64  \n",
            " 15  P11         137 non-null    int64  \n",
            " 16  P12         137 non-null    int64  \n",
            " 17  P13         137 non-null    float64\n",
            " 18  P14         137 non-null    int64  \n",
            " 19  P15         137 non-null    int64  \n",
            " 20  P16         137 non-null    int64  \n",
            " 21  P17         137 non-null    int64  \n",
            " 22  P18         137 non-null    int64  \n",
            " 23  P19         137 non-null    int64  \n",
            " 24  P20         137 non-null    int64  \n",
            " 25  P21         137 non-null    int64  \n",
            " 26  P22         137 non-null    int64  \n",
            " 27  P23         137 non-null    int64  \n",
            " 28  P24         137 non-null    int64  \n",
            " 29  P25         137 non-null    int64  \n",
            " 30  P26         137 non-null    float64\n",
            " 31  P27         137 non-null    float64\n",
            " 32  P28         137 non-null    float64\n",
            " 33  P29         137 non-null    float64\n",
            " 34  P30         137 non-null    int64  \n",
            " 35  P31         137 non-null    int64  \n",
            " 36  P32         137 non-null    int64  \n",
            " 37  P33         137 non-null    int64  \n",
            " 38  P34         137 non-null    int64  \n",
            " 39  P35         137 non-null    int64  \n",
            " 40  P36         137 non-null    int64  \n",
            " 41  P37         137 non-null    int64  \n",
            " 42  revenue     137 non-null    float64\n",
            "dtypes: float64(9), int64(30), object(4)\n",
            "memory usage: 46.1+ KB\n"
          ]
        }
      ]
    },
    {
      "cell_type": "code",
      "source": [
        "#Finding missing values\n",
        "missing_values = train_data.isna().sum()\n",
        "missing_values[missing_values > 0] #no missing values for the dataset"
      ],
      "metadata": {
        "colab": {
          "base_uri": "https://localhost:8080/"
        },
        "id": "uxHFCYXytBS3",
        "outputId": "69bd2ec4-c6e7-49b1-8303-873438ecc431"
      },
      "execution_count": 97,
      "outputs": [
        {
          "output_type": "execute_result",
          "data": {
            "text/plain": [
              "Series([], dtype: int64)"
            ]
          },
          "metadata": {},
          "execution_count": 97
        }
      ]
    },
    {
      "cell_type": "code",
      "source": [
        "import matplotlib.pyplot as plt\n",
        "import seaborn as sns"
      ],
      "metadata": {
        "id": "TPOglRjPtBYU"
      },
      "execution_count": 98,
      "outputs": []
    },
    {
      "cell_type": "code",
      "source": [
        "#Finding correlation\n",
        "train_data.corr()\n",
        "\n"
      ],
      "metadata": {
        "colab": {
          "base_uri": "https://localhost:8080/",
          "height": 1000
        },
        "id": "RcsHaqVltBVs",
        "outputId": "0b44701c-abdd-4b1b-dfa7-552858802899"
      },
      "execution_count": 99,
      "outputs": [
        {
          "output_type": "execute_result",
          "data": {
            "text/plain": [
              "               Id        P1        P2        P3        P4        P5        P6        P7        P8        P9       P10       P11       P12       P13       P14       P15       P16       P17       P18       P19       P20       P21       P22       P23       P24       P25       P26       P27       P28       P29       P30       P31       P32       P33       P34       P35       P36       P37   revenue\n",
              "Id       1.000000 -0.026351 -0.036991 -0.025033 -0.001914  0.010108 -0.025953 -0.080977 -0.052129 -0.068655 -0.028977  0.013573 -0.055813 -0.021536  0.059383  0.034985  0.030277 -0.017059 -0.017792 -0.065810 -0.019534  0.020577 -0.046211  0.000609 -0.041325 -0.020668  0.014964 -0.032980  0.038232 -0.041989  0.075148 -0.019252  0.055963 -0.019958  0.067714  0.003073  0.040799 -0.065791 -0.006277\n",
              "P1      -0.026351  1.000000  0.836671  0.695928  0.677941  0.302820  0.747296  0.853753  0.760820  0.765743  0.795885  0.542735  0.708360  0.708896  0.491638  0.473155  0.544892  0.412963  0.478503  0.802494  0.820953  0.654138  0.389116  0.702120  0.425720  0.472057  0.505437  0.280761  0.843738  0.586532  0.487589  0.479175  0.552593  0.329795  0.570835  0.449182  0.554951  0.277601  0.070217\n",
              "P2      -0.036991  0.836671  1.000000  0.473551  0.540322  0.203003  0.673106  0.769842  0.505116  0.481635  0.498135  0.442719  0.428065  0.410924  0.365777  0.358841  0.396337  0.332134  0.348191  0.595681  0.668683  0.522294  0.476538  0.513936  0.354225  0.378042  0.409526  0.195660  0.732712  0.322511  0.342005  0.353477  0.389376  0.234991  0.394319  0.314798  0.387938  0.161162  0.191518\n",
              "P3      -0.025033  0.695928  0.473551  1.000000  0.443606  0.168891  0.570486  0.651489  0.689173  0.741967  0.764191  0.417752  0.684071  0.697519  0.393765  0.379107  0.471427  0.327644  0.425214  0.648948  0.682262  0.559543  0.243983  0.602325  0.337895  0.358244  0.393404  0.257228  0.643420  0.571525  0.473089  0.406701  0.463217  0.312269  0.501575  0.428504  0.484942  0.284065 -0.024613\n",
              "P4      -0.001914  0.677941  0.540322  0.443606  1.000000  0.715406  0.595724  0.700482  0.654594  0.675336  0.685416  0.585285  0.595115  0.571611  0.347917  0.287313  0.379619  0.235605  0.359393  0.725829  0.579561  0.545285  0.076177  0.559099  0.213535  0.285547  0.288684  0.109555  0.641971  0.452364  0.387747  0.333626  0.440795  0.182820  0.434245  0.277902  0.411664  0.177916  0.035685\n",
              "P5       0.010108  0.302820  0.203003  0.168891  0.715406  1.000000  0.326524  0.446154  0.447577  0.465662  0.462299  0.435002  0.409181  0.380722  0.079245  0.044635  0.164822  0.038805  0.193489  0.509874  0.343363  0.342726 -0.198689  0.354058  0.020124  0.042141  0.052430  0.008393  0.323253  0.306904  0.244032  0.112603  0.215568  0.071079  0.243040  0.173309  0.193652  0.033548 -0.028191\n",
              "P6      -0.025953  0.747296  0.673106  0.570486  0.595724  0.326524  1.000000  0.738388  0.720144  0.676323  0.654594  0.432959  0.637594  0.558621  0.422343  0.426646  0.520707  0.380396  0.453924  0.530297  0.664487  0.427613  0.206913  0.486043  0.461674  0.485535  0.524207  0.334761  0.729083  0.563415  0.460618  0.477593  0.519243  0.300611  0.519635  0.413645  0.524552  0.327594  0.139094\n",
              "P7      -0.080977  0.853753  0.769842  0.651489  0.700482  0.446154  0.738388  1.000000  0.751196  0.775003  0.775642  0.503903  0.733115  0.702162  0.457255  0.429170  0.529988  0.365565  0.496990  0.758294  0.793642  0.604106  0.270211  0.651876  0.375711  0.404787  0.437787  0.279604  0.739868  0.584071  0.509213  0.452471  0.531011  0.339178  0.562561  0.457721  0.543563  0.309678  0.051165\n",
              "P8      -0.052129  0.760820  0.505116  0.689173  0.654594  0.447577  0.720144  0.751196  1.000000  0.919956  0.881650  0.230823  0.889829  0.810365  0.351134  0.303275  0.456162  0.294639  0.430591  0.667079  0.612958  0.420807  0.045803  0.512021  0.323116  0.358971  0.396246  0.319507  0.630284  0.754736  0.454937  0.420425  0.516617  0.256416  0.524474  0.405709  0.499777  0.308294 -0.084215\n",
              "P9      -0.068655  0.765743  0.481635  0.741967  0.675336  0.465662  0.676323  0.775003  0.919956  1.000000  0.961266  0.398431  0.971593  0.905105  0.413468  0.379923  0.517326  0.333071  0.488788  0.717049  0.710714  0.559405  0.055999  0.621546  0.339668  0.379653  0.412378  0.308448  0.635144  0.789784  0.502670  0.467334  0.544749  0.326869  0.582042  0.467916  0.551953  0.330927 -0.050352\n",
              "P10     -0.028977  0.795885  0.498135  0.764191  0.685416  0.462299  0.654594  0.775642  0.881650  0.961266  1.000000  0.479873  0.930453  0.966112  0.420093  0.398334  0.535717  0.324461  0.499097  0.757235  0.730183  0.626075  0.096495  0.697081  0.342099  0.370928  0.417413  0.296928  0.669822  0.789510  0.514738  0.462235  0.549238  0.320317  0.601956  0.483010  0.565068  0.313748 -0.073220\n",
              "P11      0.013573  0.542735  0.442719  0.417752  0.585285  0.435002  0.432959  0.503903  0.230823  0.398431  0.479873  1.000000  0.315568  0.371662  0.414512  0.367498  0.386486  0.274182  0.337069  0.601768  0.676941  0.692302  0.202788  0.649652  0.229807  0.285710  0.291042  0.053513  0.602499  0.292211  0.410573  0.300331  0.358379  0.244698  0.401866  0.291108  0.383485  0.158579  0.084247\n",
              "P12     -0.055813  0.708360  0.428065  0.684071  0.595115  0.409181  0.637594  0.733115  0.889829  0.971593  0.930453  0.315568  1.000000  0.901341  0.355084  0.334915  0.459504  0.286262  0.431860  0.637784  0.646011  0.468473  0.029917  0.578587  0.297051  0.316564  0.356937  0.294987  0.559921  0.797455  0.433005  0.403691  0.471691  0.281619  0.519051  0.426274  0.491803  0.304963 -0.062193\n",
              "P13     -0.021536  0.708896  0.410924  0.697519  0.571611  0.380722  0.558621  0.702162  0.810365  0.905105  0.966112  0.371662  0.901341  1.000000  0.370139  0.363004  0.495022  0.288544  0.462403  0.672799  0.643714  0.565152  0.098053  0.639188  0.307585  0.324804  0.373621  0.294778  0.576252  0.740722  0.466337  0.425461  0.499431  0.302684  0.555712  0.457633  0.520219  0.295972 -0.105085\n",
              "P14      0.059383  0.491638  0.365777  0.393765  0.347917  0.079245  0.422343  0.457255  0.351134  0.413468  0.420093  0.414512  0.355084  0.370139  1.000000  0.898370  0.890038  0.878069  0.850713  0.397695  0.519281  0.519179  0.227864  0.451290  0.820470  0.873781  0.856669  0.630338  0.446060  0.304980  0.812712  0.795637  0.840592  0.801055  0.853824  0.815550  0.892459  0.776719  0.006441\n",
              "P15      0.034985  0.473155  0.358841  0.379107  0.287313  0.044635  0.426646  0.429170  0.303275  0.379923  0.398334  0.367498  0.334915  0.363004  0.898370  1.000000  0.929551  0.828843  0.872193  0.338584  0.499311  0.463981  0.209246  0.425270  0.855814  0.876266  0.871438  0.630664  0.407208  0.299711  0.743738  0.798711  0.797193  0.806085  0.813125  0.819329  0.890441  0.768268  0.000742\n",
              "P16      0.030277  0.544892  0.396337  0.471427  0.379619  0.164822  0.520707  0.529988  0.456162  0.517326  0.535717  0.386486  0.459504  0.495022  0.890038  0.929551  1.000000  0.812111  0.954161  0.410995  0.577152  0.505951  0.175211  0.460625  0.866556  0.882620  0.901541  0.694711  0.455373  0.425590  0.869697  0.899675  0.928434  0.823748  0.941628  0.899202  0.981550  0.801029 -0.037997\n",
              "P17     -0.017059  0.412963  0.332134  0.327644  0.235605  0.038805  0.380396  0.365565  0.294639  0.333071  0.324461  0.274182  0.286262  0.288544  0.878069  0.828843  0.812111  1.000000  0.759491  0.292334  0.414295  0.394528  0.226162  0.327883  0.814258  0.855407  0.821557  0.600446  0.345635  0.224734  0.739895  0.770449  0.772197  0.716934  0.735778  0.781719  0.812184  0.726738  0.067137\n",
              "P18     -0.017792  0.478503  0.348191  0.425214  0.359393  0.193489  0.453924  0.496990  0.430591  0.488788  0.499097  0.337069  0.431860  0.462403  0.850713  0.872193  0.954161  0.759491  1.000000  0.388854  0.528332  0.479893  0.135421  0.416959  0.822791  0.846651  0.855685  0.714204  0.369350  0.420248  0.836870  0.900439  0.915038  0.861861  0.926000  0.916872  0.952266  0.833428 -0.034537\n",
              "P19     -0.065810  0.802494  0.595681  0.648948  0.725829  0.509874  0.530297  0.758294  0.667079  0.717049  0.757235  0.601768  0.637784  0.672799  0.397695  0.338584  0.410995  0.292334  0.388854  1.000000  0.783752  0.751990  0.276045  0.840344  0.269238  0.323356  0.324536  0.137351  0.765656  0.417782  0.466695  0.369915  0.437442  0.298000  0.453496  0.346822  0.425475  0.226764  0.027984\n",
              "P20     -0.019534  0.820953  0.668683  0.682262  0.579561  0.343363  0.664487  0.793642  0.612958  0.710714  0.730183  0.676941  0.646011  0.643714  0.519281  0.499311  0.577152  0.414295  0.528332  0.783752  1.000000  0.752317  0.415754  0.801193  0.409726  0.441668  0.467034  0.280653  0.786129  0.505358  0.593911  0.505542  0.567801  0.420983  0.610553  0.529064  0.587118  0.326929  0.014147\n",
              "P21      0.020577  0.654138  0.522294  0.559543  0.545285  0.342726  0.427613  0.604106  0.420807  0.559405  0.626075  0.692302  0.468473  0.565152  0.519179  0.463981  0.505951  0.394528  0.479893  0.751990  0.752317  1.000000  0.380222  0.781189  0.367261  0.408347  0.427310  0.209865  0.729631  0.267466  0.482010  0.429568  0.481878  0.373014  0.525638  0.437753  0.501181  0.273409  0.097411\n",
              "P22     -0.046211  0.389116  0.476538  0.243983  0.076177 -0.198689  0.206913  0.270211  0.045803  0.055999  0.096495  0.202788  0.029917  0.098053  0.227864  0.209246  0.175211  0.226162  0.135421  0.276045  0.415754  0.380222  1.000000  0.316940  0.231973  0.230894  0.242243  0.144448  0.484167 -0.148172  0.170901  0.181702  0.169877  0.178341  0.143249  0.156648  0.165467  0.108030  0.083562\n",
              "P23      0.000609  0.702120  0.513936  0.602325  0.559099  0.354058  0.486043  0.651876  0.512021  0.621546  0.697081  0.649652  0.578587  0.639188  0.451290  0.425270  0.460625  0.327883  0.416959  0.840344  0.801193  0.781189  0.316940  1.000000  0.315937  0.325615  0.354807  0.160349  0.718784  0.393031  0.475536  0.367508  0.433061  0.316115  0.470396  0.399514  0.448681  0.216329  0.045507\n",
              "P24     -0.041325  0.425720  0.354225  0.337895  0.213535  0.020124  0.461674  0.375711  0.323116  0.339668  0.342099  0.229807  0.297051  0.307585  0.820470  0.855814  0.866556  0.814258  0.822791  0.269238  0.409726  0.367261  0.231973  0.315937  1.000000  0.935303  0.964554  0.749630  0.401039  0.247974  0.732452  0.823207  0.787841  0.770173  0.763692  0.813077  0.830078  0.787741  0.014222\n",
              "P25     -0.020668  0.472057  0.378042  0.358244  0.285547  0.042141  0.485535  0.404787  0.358971  0.379653  0.370928  0.285710  0.316564  0.324804  0.873781  0.876266  0.882620  0.855407  0.846651  0.323356  0.441668  0.408347  0.230894  0.325615  0.935303  1.000000  0.961818  0.740014  0.441980  0.269835  0.760051  0.850616  0.849365  0.765023  0.792694  0.781572  0.870674  0.809613  0.036365\n",
              "P26      0.014964  0.505437  0.409526  0.393404  0.288684  0.052430  0.524207  0.437787  0.396246  0.412378  0.417413  0.291042  0.356937  0.373621  0.856669  0.871438  0.901541  0.821557  0.855685  0.324536  0.467034  0.427310  0.242243  0.354807  0.964554  0.961818  1.000000  0.745397  0.468062  0.308637  0.790324  0.864259  0.859348  0.764947  0.834661  0.817260  0.888330  0.778074 -0.007650\n",
              "P27     -0.032980  0.280761  0.195660  0.257228  0.109555  0.008393  0.334761  0.279604  0.319507  0.308448  0.296928  0.053513  0.294987  0.294778  0.630338  0.630664  0.694711  0.600446  0.714204  0.137351  0.280653  0.209865  0.144448  0.160349  0.749630  0.740014  0.745397  1.000000  0.230411  0.270460  0.654312  0.675237  0.649870  0.748135  0.661309  0.723519  0.689364  0.805824 -0.013680\n",
              "P28      0.038232  0.843738  0.732712  0.643420  0.641971  0.323253  0.729083  0.739868  0.630284  0.635144  0.669822  0.602499  0.559921  0.576252  0.446060  0.407208  0.455373  0.345635  0.369350  0.765656  0.786129  0.729631  0.484167  0.718784  0.401039  0.441980  0.468062  0.230411  1.000000  0.331344  0.438447  0.369772  0.457892  0.264879  0.448928  0.341164  0.454263  0.215078  0.155534\n",
              "P29     -0.041989  0.586532  0.322511  0.571525  0.452364  0.306904  0.563415  0.584071  0.754736  0.789784  0.789510  0.292211  0.797455  0.740722  0.304980  0.299711  0.425590  0.224734  0.420248  0.417782  0.505358  0.267466 -0.148172  0.393031  0.247974  0.269835  0.308637  0.270460  0.331344  1.000000  0.356722  0.371893  0.425120  0.249646  0.490329  0.384401  0.457660  0.296405 -0.114846\n",
              "P30      0.075148  0.487589  0.342005  0.473089  0.387747  0.244032  0.460618  0.509213  0.454937  0.502670  0.514738  0.410573  0.433005  0.466337  0.812712  0.743738  0.869697  0.739895  0.836870  0.466695  0.593911  0.482010  0.170901  0.475536  0.732452  0.760051  0.790324  0.654312  0.438447  0.356722  1.000000  0.840158  0.881481  0.790581  0.918200  0.874635  0.904491  0.736656 -0.066203\n",
              "P31     -0.019252  0.479175  0.353477  0.406701  0.333626  0.112603  0.477593  0.452471  0.420425  0.467334  0.462235  0.300331  0.403691  0.425461  0.795637  0.798711  0.899675  0.770449  0.900439  0.369915  0.505542  0.429568  0.181702  0.367508  0.823207  0.850616  0.864259  0.675237  0.369772  0.371893  0.840158  1.000000  0.934778  0.803785  0.864144  0.823262  0.901940  0.787904 -0.040418\n",
              "P32      0.055963  0.552593  0.389376  0.463217  0.440795  0.215568  0.519243  0.531011  0.516617  0.544749  0.549238  0.358379  0.471691  0.499431  0.840592  0.797193  0.928434  0.772197  0.915038  0.437442  0.567801  0.481878  0.169877  0.433061  0.787841  0.849365  0.859348  0.649870  0.457892  0.425120  0.881481  0.934778  1.000000  0.760670  0.930014  0.837858  0.958152  0.758060 -0.065857\n",
              "P33     -0.019958  0.329795  0.234991  0.312269  0.182820  0.071079  0.300611  0.339178  0.256416  0.326869  0.320317  0.244698  0.281619  0.302684  0.801055  0.806085  0.823748  0.716934  0.861861  0.298000  0.420983  0.373014  0.178341  0.316115  0.770173  0.765023  0.764947  0.748135  0.264879  0.249646  0.790581  0.803785  0.760670  1.000000  0.797647  0.867296  0.816293  0.879400 -0.032426\n",
              "P34      0.067714  0.570835  0.394319  0.501575  0.434245  0.243040  0.519635  0.562561  0.524474  0.582042  0.601956  0.401866  0.519051  0.555712  0.853824  0.813125  0.941628  0.735778  0.926000  0.453496  0.610553  0.525638  0.143249  0.470396  0.763692  0.792694  0.834661  0.661309  0.448928  0.490329  0.918200  0.864144  0.930014  0.797647  1.000000  0.917651  0.970234  0.741039 -0.072343\n",
              "P35      0.003073  0.449182  0.314798  0.428504  0.277902  0.173309  0.413645  0.457721  0.405709  0.467916  0.483010  0.291108  0.426274  0.457633  0.815550  0.819329  0.899202  0.781719  0.916872  0.346822  0.529064  0.437753  0.156648  0.399514  0.813077  0.781572  0.817260  0.723519  0.341164  0.384401  0.874635  0.823262  0.837858  0.867296  0.917651  1.000000  0.904110  0.797640 -0.050156\n",
              "P36      0.040799  0.554951  0.387938  0.484942  0.411664  0.193652  0.524552  0.543563  0.499777  0.551953  0.565068  0.383485  0.491803  0.520219  0.892459  0.890441  0.981550  0.812184  0.952266  0.425475  0.587118  0.501181  0.165467  0.448681  0.830078  0.870674  0.888330  0.689364  0.454263  0.457660  0.904491  0.901940  0.958152  0.816293  0.970234  0.904110  1.000000  0.805416 -0.050534\n",
              "P37     -0.065791  0.277601  0.161162  0.284065  0.177916  0.033548  0.327594  0.309678  0.308294  0.330927  0.313748  0.158579  0.304963  0.295972  0.776719  0.768268  0.801029  0.726738  0.833428  0.226764  0.326929  0.273409  0.108030  0.216329  0.787741  0.809613  0.778074  0.805824  0.215078  0.296405  0.736656  0.787904  0.758060  0.879400  0.741039  0.797640  0.805416  1.000000 -0.019051\n",
              "revenue -0.006277  0.070217  0.191518 -0.024613  0.035685 -0.028191  0.139094  0.051165 -0.084215 -0.050352 -0.073220  0.084247 -0.062193 -0.105085  0.006441  0.000742 -0.037997  0.067137 -0.034537  0.027984  0.014147  0.097411  0.083562  0.045507  0.014222  0.036365 -0.007650 -0.013680  0.155534 -0.114846 -0.066203 -0.040418 -0.065857 -0.032426 -0.072343 -0.050156 -0.050534 -0.019051  1.000000"
            ],
            "text/html": [
              "\n",
              "  <div id=\"df-013e313a-016c-448f-94ad-695dc9b57fd2\" class=\"colab-df-container\">\n",
              "    <div>\n",
              "<style scoped>\n",
              "    .dataframe tbody tr th:only-of-type {\n",
              "        vertical-align: middle;\n",
              "    }\n",
              "\n",
              "    .dataframe tbody tr th {\n",
              "        vertical-align: top;\n",
              "    }\n",
              "\n",
              "    .dataframe thead th {\n",
              "        text-align: right;\n",
              "    }\n",
              "</style>\n",
              "<table border=\"1\" class=\"dataframe\">\n",
              "  <thead>\n",
